0 28 9 16 25 6 14 8 40 8 31 32 15 22 25 10 40 29 28 23 9 6 30 10 44 26 11 18 20 16 20 44 42 10 5 17 17 7 36 12 7 21 31 39 29 12 12 13 25 11 39 43 42 37 16 43 11 44 11 33 20 34 20 18 5 11 34 41 36 15 27 44 17 38 32 14 40 37 35 15 7 24 6 25 17 24 14 12 26 23 40 20 36 34 35 17 25 23 6 40
28 0 34 22 11 32 15 12 44 23 8 22 12 38 27 44 18 10 15 6 42 5 41 27 36 21 29 7 9 35 23 36 27 14 10 5 20 16 25 23 26 41 28 33 9 28 30 6 34 39 44 16 11 38 32 23 7 26 39 42 39 22 15 13 24 35 30 36 7 36 39 15 11 12 14 38 34 23 21 23 14 7 24 13 9 24 39 27 7 29 41 26 28 28 41 40 13 7 12 18
9 34 0 19 21 32 35 29 41 12 28 21 33 43 14 39 9 42 6 37 33 37 17 6 21 13 25 8 27 5 30 19 18 29 40 24 41 38 35 42 30 30 20 20 24 31 28 12 31 20 35 38 18 43 22 35 41 41 36 44 21 18 6 17 44 32 5 15 18 31 24 42 36 22 22 31 6 24 8 29 40 28 35 44 36 9 21 15 27 14 29 6 9 25 16 24 6 39 10 15
16 22 19 0 14 28 18 44 11 19 9 12 34 31 35 43 20 27 30 40 13 23 28 33 26 28 44 9 30 43 6 38 22 16 22 16 23 21 24 40 12 36 21 5 12 20 21 28 19 25 14 33 7 37 43 9 38 35 8 42 14 13 21 37 6 12 42 43 35 9 26 30 21 10 27 25 20 23 21 19 28 5 32 39 9 10 19 23 7 10 18 35 40 10 24 37 20 27 6 31
25 11 21 14 0 36 26 34 39 8 29 35 25 18 8 19 5 18 16 23 35 18 8 20 20 37 35 18 19 20 9 29 44 42 37 17 36 17 38 6 10 11 5 44 28 38 14 17 12 10 27 17 20 28 13 21 31 32 44 15 27 26 25 36 20 6 26 11 19 26 22 38 23 16 9 39 42 32 42 37 39 13 20 6 26 14 26 14 41 8 14 41 33 34 43 38 13 42 9 22
6 32 32 28 36 0 19 6 26 11 38 30 27 11 35 8 44 15 6 27 44 31 21 32 15 41 17 5 9 41 40 13 31 43 37 21 20 31 12 15 25 37 16 28 17 17 32 38 12 8 10 12 18 44 22 26 43 19 31 32 20 15 13 17 5 34 14 23 33 41 22 28 29 35 5 28 44 9 16 42 34 39 34 41 40 20 20 12 39 23 27 31 41 34 42 15 28 12 7 31
14 15 35 18 26 19 0 16 26 42 30 12 5 11 37 20 26 19 21 13 37 39 8 36 39 8 14 44 19 30 28 38 43 22 32 30 32 41 39 35 18 15 11 7 44 36 23 40 28 18 13 23 10 7 27 15 7 25 8 32 23 39 21 36 34 33 18 9 23 27 38 25 34 6 20 38 40 15 26 26 40 28 11 22 13 12 16 17 41 39 26 43 44 38 12 35 30 36 6 38
8 12 29 44 34 6 16 0 9 13 20 41 18 21 33 17 41 5 30 24 14 25 16 27 31 6 33 42 24 42 37 39 18 12 15 35 23 30 37 29 5 7 18 12 17 6 10 31 29 20 35 27 13 42 11 5 7 27 20 17 34 11 31 35 40 8 40 11 38 31 22 38 11 34 22 26 7 33 40 42 31 23 10 43 30 38 43 6 14 37 27 32 39 33 34 22 23 26 22 44
40 44 41 11 39 26 26 9 0 43 32 32 32 44 5 33 19 6 36 33 16 29 11 9 40 41 29 18 20 35 35 29 29 16 36 20 9 38 18 8 6 5 16 21 12 24 41 27 38 36 9 15 34 16 42 41 41 5 32 7 33 23 30 10 17 13 21 7 28 22 25 24 41 29 39 36 26 22 20 29 13 41 24 32 8 15 43 27 16 42 30 18 35 34 13 26 27 13 27 41
8 23 12 19 8 11 42 13 43 0 38 23 31 37 13 34 21 13 34 15 40 37 30 30 23 6 17 34 14 5 43 41 15 34 42 19 8 13 21 33 6 12 41 32 10 23 34 5 35 8 36 27 21 29 18 10 8 40 15 27 20 41 19 26 43 9 40 27 15 35 29 32 31 15 27 9 36 30 39 13 16 5 39 41 17 35 9 39 27 29 8 40 44 29 39 28 43 14 35 25
31 8 28 9 29 38 30 20 32 38 0 43 20 5 19 5 17 29 19 36 18 29 35 13 36 37 25 38 17 18 18 6 39 21 9 6 43 33 40 38 34 21 30 35 32 27 9 16 36 15 14 42 12 44 23 17 37 28 36 19 38 39 21 11 37 14 15 19 34 15 21 13 27 12 25 40 15 39 19 16 39 41 9 7 42 44 32 20 32 5 10 17 25 30 40 41 23 10 9 33
32 22 21 12 35 30 12 41 32 23 43 0 9 43 12 7 10 17 27 32 33 35 33 38 10 27 37 34 13 29 31 38 21 16 18 23 12 40 42 17 29 43 33 43 18 27 5 36 39 19 27 38 7 38 34 9 21 36 25 44 13 30 43 24 13 44 37 37 30 29 20 25 23 15 36 22 36 39 23 36 43 28 43 7 23 39 7 34 32 13 38 27 11 24 29 25 30 11 34 12
15 12 33 34 25 27 5 18 32 31 20 9 0 7 13 22 36 5 7 12 36 15 17 26 24 20 18 40 21 43 31 39 8 43 38 36 9 13 19 36 41 41 19 34 19 23 7 39 15 16 35 33 20 19 32 39 7 11 38 44 7 17 22 19 35 23 15 42 38 13 39 33 17 7 21 36 26 14 36 15 20 6 43 43 23 8 27 30 25 41 16 31 29 11 12 10 43 42 32 16
22 38 43 31 18 11 11 21 44 37 5 43 7 0 40 25 44 20 24 6 9 33 41 12 20 24 26 40 30 40 35 38 19 30 39 28 40 24 15 7 8 5 41 21 8 40 41 19 17 28 14 32 6 17 17 33 23 23 9 14 38 43 43 21 40 24 40 14 5 8 30 7 43 19 12 25 40 31 16 26 15 9 28 28 6 11 9 6 5 7 26 33 25 42 20 30 17 36 20 22
25 27 14 35 8 35 37 33 5 13 19 12 13 40 0 25 31 18 26 6 14 12 36 32 8 22 30 23 21 9 9 31 8 33 9 14 21 28 7 40 6 40 23 16 33 12 44 42 28 41 24 14 11 10 16 40 17 42 31 30 21 13 25 26 15 34 43 25 28 15 34 27 38 22 9 11 39 22 7 41 23 29 41 22 28 37 27 8 34 28 28 39 12 33 11 7 17 43 21 39
10 44 39 43 19 8 20 17 33 34 5 7 22 25 25 0 10 36 17 41 34 22 5 35 15 29 25 38 25 29 13 21 9 29 23 15 36 37 15 9 16 35 39 6 29 44 13 24 39 34 19 20 12 41 25 32 25 14 41 32 34 34 12 18 9 19 35 23 39 11 16 27 41 22 21 38 28 30 21 28 44 25 34 18 34 38 31 42 20 11 31 9 33 11 6 30 29 22 15 22
40 18 9 20 5 44 26 41 19 21 17 10 36 44 31 10 0 10 41 5 22 8 7 29 9 6 40 35 43 17 10 29 12 12 5 14 25 17 27 27 23 23 8 11 17 21 38 34 5 37 20 39 26 37 24 7 5 34 10 9 44 5 35 20 10 11 23 5 36 31 31 14 27 43 25 27 19 24 11 6 12 10 30 38 15 15 32 35 11 8 37 38 16 25 23 39 27 38 27 22
29 10 42 27 18 15 19 5 6 13 29 17 5 20 18 36 10 0 44 7 37 6 21 6 7 6 12 30 22 10 10 38 30 18 5 38 23 18 34 34 32 18 15 36 11 22 33 15 41 16 25 41 39 28 28 40 9 21 27 16 22 22 24 44 12 36 19 36 14 26 20 21 27 21 17 23 9 17 34 11 41 19 43 12 37 40 18 40 23 30 26 14 12 18 15 34 25 10 34 30
28 15 6 30 16 6 21 30 36 34 19 27 7 24 26 17 41 44 0 36 20 15 28 39 38 6 10 32 24 7 44 44 15 18 16 29 19 5 14 10 27 7 23 23 23 21 24 28 38 18 15 26 25 29 29 26 31 37 20 40 43 24 34 41 28 5 31 33 19 30 20 25 42 27 28 31 19 26 15 21 6 35 5 30 31 36 40 30 16 32 29 10 34 13 13 25 18 29 30 33
23 6 37 40 23 27 13 24 33 15 36 32 12 6 6 41 5 7 36 0 18 5 7 44 37 37 28 20 23 16 23 13 20 13 32 18 16 12 6 35 39 13 38 5 14 29 19 43 9 34 32 11 14 34 26 12 42 7 8 15 19 6 7 27 38 7 17 37 18 31 39 8 5 29 7 26 37 26 15 23 17 36 34 25 9 29 26 32 27 15 24 23 32 27 8 15 6 27 24 40
9 42 33 13 35 44 37 14 16 40 18 33 36 9 14 34 22 37 20 18 0 15 28 34 29 34 15 7 23 17 42 15 29 18 27 23 43 26 13 10 16 39 22 35 36 12 16 25 34 43 39 36 18 6 42 8 42 30 13 7 22 16 6 44 14 29 15 29 31 17 11 8 37 30 28 34 39 41 37 19 35 13 44 6 11 7 42 16 32 42 37 7 31 12 38 29 25 32 31 12
6 5 37 23 18 31 39 25 29 37 29 35 15 33 12 22 8 6 15 5 15 0 15 5 39 12 37 16 17 20 15 5 17 5 18 20 33 21 36 18 36 27 6 44 9 22 40 27 41 34 14 29 28 13 10 24 9 39 19 5 13 33 36 42 30 32 7 16 24 18 36 7 15 8 28 6 15 28 11 15 25 29 14 10 38 40 41 25 24 9 12 29 23 35 23 7 34 28 27 25
30 41 17 28 8 21 8 16 11 30 35 33 17 41 36 5 7 21 28 7 28 15 0 39 29 27 6 29 8 19 38 15 42 31 31 20 12 32 9 29 20 11 32 14 9 26 16 8 8 23 20 22 32 13 31 31 5 17 39 28 34 18 22 27 40 29 27 19 39 12 16 24 34 16 37 9 16 44 22 8 40 28 9 26 13 6 42 16 34 15 42 13 32 25 13 33 13 36 34 22
10 27 6 33 20 32 36 27 9 30 13 38 26 12 32 35 29 6 39 44 34 5 39 0 39 43 25 17 41 16 41 18 14 34 39 15 28 14 13 38 34 28 34 18 13 28 7 32 7 41 42 11 34 36 22 44 19 44 19 30 42 44 18 17 9 21 11 5 28 22 26 18 24 17 32 5 22 41 38 21 41 41 39 23 6 38 30 15 21 23 14 24 37 27 17 22 44 20 11 17
44 36 21 26 20 15 39 31 40 23 36 10 24 20 8 15 9 7 38 37 29 39 29 39 0 31 19 15 21 6 13 10 8 44 12 39 28 30 25 11 6 10 8 11 29 42 20 26 15 41 21 14 8 21 16 13 29 21 14 21 40 13 22 9 36 8 15 35 44 13 41 38 15 6 36 19 7 44 20 7 34 7 19 10 32 21 23 19 39 40 38 34 19 21 22 38 33 41 34 16
26 21 13 28 37 41 8 6 41 6 37 27 20 24 22 29 6 6 6 37 34 12 27 43 31 0 14 7 18 40 20 9 10 39 37 19 38 21 27 14 12 43 15 27 35 11 24 29 35 23 38 37 21 15 7 24 27 40 18 36 27 33 11 43 25 31 39 31 43 28 24 22 8 19 19 40 11 15 7 39 13 28 25 5 17 38 14 5 36 17 40 35 29 9 21 21 25 19 36 14
11 29 25 44 35 17 14 33 29 17 25 37 18 26 30 25 40 12 10 28 15 37 6 25 19 14 0 34 36 34 25 8 8 36 43 40 21 14 36 13 10 11 23 44 18 21 7 21 21 24 44 39 32 42 31 42 36 6 35 35 5 17 37 43 20 44 21 9 31 27 20 10 23 21 32 6 42 38 39 12 35 41 41 17 15 18 16 37 32 11 28 6 15 5 26 17 38 9 5 30
18 7 8 9 18 5 44 42 18 34 38 34 40 40 23 38 35 30 32 20 7 16 29 17 15 7 34 0 20 15 40 44 20 23 11 21 16 7 12 35 42 37 15 35 12 28 33 33 25 28 42 44 11 5 17 11 13 20 36 8 28 10 40 28 34 17 14 43 11 41 23 33 12 34 25 22 16 18 25 30 13 41 12 44 15 11 41 24 35 29 18 38 7 20 27 41 16 43 17 23
20 9 27 30 19 9 19 24 20 14 17 13 21 30 21 25 43 22 24 23 23 17 8 41 21 18 36 20 0 27 27 31 31 24 16 12 33 20 42 33 37 30 25 34 30 28 21 28 8 39 44 22 40 21 29 34 11 29 44 29 10 24 31 21 36 38 9 27 20 6 29 17 37 27 38 38 19 35 36 23 12 41 25 24 38 14 44 36 11 35 38 42 43 18 35 40 8 22 28 36
16 35 5 43 20 41 30 42 35 5 18 29 43 40 9 29 17 10 7 16 17 20 19 16 6 40 34 15 27 0 8 40 19 32 6 27 14 30 34 35 31 28 34 33 19 26 17 42 42 42 23 25 31 39 34 25 9 33 43 24 16 15 44 8 11 15 32 40 10 18 19 11 16 27 44 7 11 9 16 33 31 27 18 15 8 20 7 29 39 16 22 36 22 29 24 40 15 13 20 33
20 23 30 6 9 40 28 37 35 43 18 31 31 35 9 13 10 10 44 23 42 15 38 41 13 20 25 40 27 8 0 34 11 39 13 21 20 42 35 9 16 44 35 27 32 25 21 17 43 43 31 37 36 16 26 30 6 37 15 21 27 41 14 21 32 13 8 24 6 19 14 5 13 27 40 38 25 38 19 25 33 29 29 13 22 18 11 16 9 41 5 38 32 24 31 21 43 5 19 23
44 36 19 38 29 13 38 39 29 41 6 38 39 38 31 21 29 38 44 13 15 5 15 18 10 9 8 44 31 40 34 0 33 31 6 39 8 31 41 31 5 32 9 9 33 13 16 37 29 11 29 35 31 31 42 10 13 8 44 40 17 31 16 10 22 38 12 22 42 16 28 15 21 8 31 10 9 28 25 31 10 11 33 17 15 12 14 33 25 17 29 7 28 36 6 35 29 17 41 20
42 27 18 22 44 31 43 18 29 15 39 21 8 19 8 9 12 30 15 20 29 17 42 14 8 10 8 20 31 19 11 33 0 11 13 43 39 8 12 29 34 41 25 38 25 44 10 8 16 10 34 33 10 5 35 27 42 12 43 21 24 29 7 43 23 10 30 36 12 23 7 35 9 34 36 25 11 20 17 24 33 8 16 19 22 33 31 12 41 32 13 21 19 39 40 12 32 24 19 41
10 14 29 16 42 43 22 12 16 34 21 16 43 30 33 29 12 18 18 13 18 5 31 34 44 39 36 23 24 32 39 31 11 0 41 41 6 25 25 44 6 40 39 33 15 19 12 8 15 12 6 20 28 25 43 17 25 31 26 42 21 10 31 36 28 16 29 7 19 8 41 6 22 37 44 13 44 39 33 26 37 12 16 23 27 34 10 23 7 25 38 23 37 23 11 31 26 43 31 33
5 10 40 22 37 37 32 15 36 42 9 18 38 39 9 23 5 5 16 32 27 18 31 39 12 37 43 11 16 6 13 6 13 41 0 37 30 16 17 36 23 25 21 40 14 23 15 12 11 20 25 18 32 28 17 31 20 22 13 24 10 21 8 21 17 40 22 12 29 31 36 9 22 39 35 36 23 23 7 44 33 28 11 27 41 10 7 42 24 20 13 31 26 30 32 11 10 8 14 17
17 5 24 16 17 21 30 35 20 19 6 23 36 28 14 15 14 38 29 18 23 20 20 15 39 19 40 21 12 27 21 39 43 41 37 0 11 14 16 28 17 14 7 40 42 9 41 36 7 6 44 22 31 36 43 7 38 14 15 40 17 44 39 30 38 23 10 35 18 28 20 13 34 38 40 18 38 13 38 28 27 43 5 33 41 33 26 6 12 21 18 22 30 7 12 21 13 37 10 10
17 20 41 23 36 20 32 23 9 8 43 12 9 40 21 36 25 23 19 16 43 33 12 28 28 38 21 16 33 14 20 8 39 6 30 11 0 24 11 25 36 40 30 15 28 21 35 5 12 23 19 30 22 22 27 15 16 12 17 22 6 41 33 8 33 31 41 13 23 15 17 15 10 35 8 44 29 6 10 31 21 33 30 6 36 16 8 39 36 36 10 13 18 42 8 42 24 44 28 44
7 16 38 21 17 31 41 30 38 13 33 40 13 24 28 37 17 18 5 12 26 21 32 14 30 21 14 7 20 30 42 31 8 25 16 14 24 0 16 30 15 5 22 19 42 6 6 33 44 44 21 11 28 22 44 22 25 29 10 6 24 20 33 33 38 35 13 36 38 15 40 37 29 12 25 33 13 29 13 31 23 19 15 20 12 29 29 32 30 7 19 9 18 6 44 30 9 18 29 39
36 25 35 24 38 12 39 37 18 21 40 42 19 15 7 15 27 34 14 6 13 36 9 13 25 27 36 12 42 34 35 41 12 25 17 16 11 16 0 23 5 44 20 19 35 41 19 8 42 29 30 20 29 32 35 39 44 31 14 38 21 38 20 9 9 9 26 34 16 34 29 39 22 30 27 17 27 25 34 29 5 35 23 27 41 10 34 6 42 10 8 11 16 11 25 37 29 18 35 40
12 23 42 40 6 15 35 29 8 33 38 17 36 7 40 9 27 34 10 35 10 18 29 38 11 14 13 35 33 35 9 31 29 44 36 28 25 30 23 0 36 11 7 5 19 37 34 38 35 6 15 26 37 17 18 43 24 44 24 14 40 7 6 19 8 10 23 6 43 7 18 37 39 24 27 18 20 34 9 43 20 34 16 9 19 22 16 14 17 7 13 34 13 13 24 7 28 20 38 20
7 26 30 12 10 25 18 5 6 6 34 29 41 8 6 16 23 32 27 39 16 36 20 34 6 12 10 42 37 31 16 5 34 6 23 17 36 15 5 36 0 11 39 24 39 25 18 43 38 16 19 16 16 38 36 22 32 23 18 39 26 5 34 25 41 26 5 6 39 29 32 6 30 36 34 43 23 17 16 37 41 8 19 15 29 8 28 42 32 24 22 33 8 43 29 12 18 31 30 40
21 41 30 36 11 37 15 7 5 12 21 43 41 5 40 35 23 18 7 13 39 27 11 28 10 43 11 37 30 28 44 32 41 40 25 14 40 5 44 11 11 0 19 42 39 15 13 15 32 37 29 24 10 19 19 27 23 39 18 10 19 19 16 30 33 20 16 44 40 38 6 19 40 23 18 28 32 41 33 43 10 20 33 13 25 27 20 10 9 6 38 38 24 16 10 18 35 34 9 24
31 28 20 21 5 16 11 18 16 41 30 33 19 41 23 39 8 15 23 38 22 6 32 34 8 15 23 15 25 34 35 9 25 39 21 7 30 22 20 7 39 19 0 44 7 29 23 11 9 14 27 11 37 34 41 22 10 42 17 20 39 43 29 40 21 10 9 35 19 12 44 37 25 37 6 24 32 7 42 16 16 29 6 16 33 32 24 23 22 18 28 27 22 41 27 20 29 30 30 44
39 33 20 5 44 28 7 12 21 32 35 43 34 21 16 6 11 36 23 5 35 44 14 18 11 27 44 35 34 33 27 9 38 33 40 40 15 19 19 5 24 42 44 0 27 31 19 14 43 42 39 37 7 43 37 38 18 40 13 8 22 18 41 10 15 7 5 38 24 22 21 14 28 26 18 20 40 11 32 30 23 33 34 33 13 43 23 37 41 31 26 26 21 26 36 25 39 10 20 14
29 9 24 12 28 17 44 17 12 10 32 18 19 8 33 29 17 11 23 14 36 9 9 13 29 35 18 12 30 19 32 33 25 15 14 42 28 42 35 19 39 39 7 27 0 29 26 10 37 12 30 32 26 34 16 42 29 21 42 32 6 35 29 9 22 11 17 18 38 12 22 16 11 37 35 10 43 37 28 34 25 28 9 14 23 25 29 42 28 21 21 40 44 15 42 35 8 26 16 16
12 28 31 20 38 17 36 6 24 23 27 27 23 40 12 44 21 22 21 29 12 22 26 28 42 11 21 28 28 26 25 13 44 19 23 9 21 6 41 37 25 15 29 31 29 0 13 29 31 29 25 41 41 39 35 16 14 39 26 19 21 20 18 37 44 39 18 23 9 19 33 19 10 20 27 37 42 33 38 14 5 37 26 27 30 18 40 30 30 7 41 43 40 44 11 22 35 10 24 11
12 30 28 21 14 32 23 10 41 34 9 5 7 41 44 13 38 33 24 19 16 40 16 7 20 24 7 33 21 17 21 16 10 12 15 41 35 6 19 34 18 13 23 19 26 13 0 8 33 7 22 44 44 31 12 24 32 41 25 31 29 14 11 40 28 33 39 37 18 30 35 11 35 10 20 35 19 29 17 16 17 22 15 42 37 21 14 26 35 7 20 7 32 5 33 24 20 14 19 35
13 6 12 28 17 38 40 31 27 5 16 36 39 19 42 24 34 15 28 43 25 27 8 32 26 29 21 33 28 42 17 37 8 8 12 36 5 33 8 38 43 15 11 14 10 29 8 0 25 31 27 6 20 24 7 44 33 33 33 26 19 12 8 34 44 20 21 7 42 15 17 43 20 8 29 14 43 32 43 40 28 30 19 8 44 12 23 21 13 44 11 37 33 19 40 21 36 37 16 33
25 34 31 19 12 12 28 29 38 35 36 39 15 17 28 39 5 41 38 9 34 41 8 7 15 35 21 25 8 42 43 29 16 15 11 7 12 44 42 35 38 32 9 43 37 31 33 25 0 6 9 39 12 25 22 16 17 17 30 21 11 34 18 43 27 30 39 13 16 22 23 24 35 40 26 7 35 35 23 7 14 15 22 22 34 24 40 40 19 37 8 10 5 11 12 43 29 16 39 7
11 39 20 25 10 8 18 20 36 8 15 19 16 28 41 34 37 16 18 34 43 34 23 41 41 23 24 28 39 42 43 11 10 12 20 6 23 44 29 6 16 37 14 42 12 29 7 31 6 0 11 5 33 22 34 43 10 21 43 17 18 35 7 44 20 30 28 25 20 38 18 31 39 35 14 17 26 27 23 10 22 39 15 9 34 38 44 24 18 42 39 15 38 34 20 14 30 7 36 35
39 44 35 14 27 10 13 35 9 36 14 27 35 14 24 19 20 25 15 32 39 14 20 42 21 38 44 42 44 23 31 29 34 6 25 44 19 21 30 15 19 29 27 39 30 25 22 27 9 11 0 28 27 39 16 26 30 30 25 30 35 9 37 44 27 44 35 19 17 31 31 34 14 5 5 12 5 13 20 41 9 40 15 8 5 34 8 41 37 21 6 8 36 34 25 15 29 25 35 35
43 16 38 33 17 12 23 27 15 27 42 38 33 32 14 20 39 41 26 11 36 29 22 11 14 37 39 44 22 25 37 35 33 20 18 22 30 11 20 26 16 24 11 37 32 41 44 6 39 5 28 0 14 43 17 18 17 30 26 35 44 33 7 39 20 25 36 22 30 27 6 21 7 26 38 23 44 20 37 25 44 32 32 26 44 10 38 11 43 18 23 43 32 42 31 15 32 7 35 32
42 11 18 7 20 18 10 13 34 21 12 7 20 6 11 12 26 39 25 14 18 28 32 34 8 21 32 11 40 31 36 31 10 28 32 31 22 28 29 37 16 10 37 7 26 41 44 20 12 33 27 14 0 13 18 27 21 27 7 17 35 29 13 10 25 31 7 34 41 21 19 13 12 36 33 19 21 31 6 35 9 14 10 19 13 33 22 23 9 43 42 16 12 29 14 23 16 24 15 35
37 38 43 37 28 44 7 42 16 29 44 38 19 17 10 41 37 28 29 34 6 13 13 36 21 15 42 5 21 39 16 31 5 25 28 36 22 22 32 17 38 19 34 43 34 39 31 24 25 22 39 43 13 0 7 40 5 14 13 29 35 31 24 43 38 19 30 44 41 37 30 28 24 33 42 30 12 35 11 30 23 21 37 38 24 8 44 36 33 35 23 44 7 34 36 26 18 17 21 11
16 32 22 43 13 22 27 11 42 18 23 34 32 17 16 25 24 28 29 26 42 10 31 22 16 7 31 17 29 34 26 42 35 43 17 43 27 44 35 18 36 19 41 37 16 35 12 7 22 34 16 17 18 7 0 21 41 18 21 8 9 31 36 29 25 15 30 31 43 24 17 42 44 41 11 7 34 25 34 14 5 34 22 25 10 22 28 23 30 9 12 38 8 24 37 12 43 8 7 40
43 23 35 9 21 26 15 5 41 10 17 9 39 33 40 32 7 40 26 12 8 24 31 44 13 24 42 11 34 25 30 10 27 17 31 7 15 22 39 43 22 27 22 38 42 16 24 44 16 43 26 18 27 40 21 0 34 33 17 28 29 20 44 30 35 44 24 40 40 33 14 13 17 42 5 28 13 28 33 18 30 37 41 43 32 6 16 8 18 25 30 32 19 16 7 32 23 22 36 37
11 7 41 38 31 43 7 7 41 8 37 21 7 23 17 25 5 9 31 42 42 9 5 19 29 27 36 13 11 9 6 13 42 25 20 38 16 25 44 24 32 23 10 18 29 14 32 33 17 10 30 17 21 5 41 34 0 18 25 17 28 27 40 40 15 37 25 12 11 42 31 32 24 25 18 16 40 34 7 24 44 7 10 12 11 21 9 32 21 27 35 25 7 19 40 36 39 39 35 13
44 26 41 35 32 19 25 27 5 40 28 36 11 23 42 14 34 21 37 7 30 39 17 44 21 40 6 20 29 33 37 8 12 31 22 14 12 29 31 44 23 39 42 40 21 39 41 33 17 21 30 30 27 14 18 33 18 0 18 21 37 42 28 21 12 25 24 43 12 31 9 9 28 35 8 6 20 35 15 28 38 21 38 7 11 32 19 26 7 36 39 22 16 15 23 5 26 26 16 28
11 39 36 8 44 31 8 20 32 15 36 25 38 9 31 41 10 27 20 8 13 19 39 19 14 18 35 36 44 43 15 44 43 26 13 15 17 10 14 24 18 18 17 13 42 26 25 33 30 43 25 26 7 13 21 17 25 18 0 23 35 31 40 29 21 7 42 32 29 36 29 34 37 24 39 8 6 20 31 23 9 34 30 30 16 16 33 14 19 24 6 32 21 29 44 5 40 24 16 28
33 42 44 42 15 32 32 17 7 27 19 44 44 14 30 32 9 16 40 15 7 5 28 30 21 36 35 8 29 24 21 40 21 42 24 40 22 6 38 14 39 10 20 8 32 19 31 26 21 17 30 35 17 29 8 28 17 21 23 0 21 28 6 15 9 31 20 7 21 42 21 10 5 27 37 17 43 9 8 15 12 15 32 23 35 5 23 29 29 35 17 16 29 7 13 38 9 17 14 41
20 39 21 14 27 20 23 34 33 20 38 13 7 38 21 34 44 22 43 19 22 13 34 42 40 27 5 28 10 16 27 17 24 21 10 17 6 24 21 40 26 19 39 22 6 21 29 19 11 18 35 44 35 35 9 29 28 37 35 21 0 29 13 37 16 6 17 18 41 25 16 43 14 5 38 27 13 15 5 6 28 12 39 12 29 44 29 37 38 29 7 36 20 30 13 31 34 5 38 22
34 22 18 13 26 15 39 11 23 41 39 30 17 43 13 34 5 22 24 6 16 33 18 44 13 33 17 10 24 15 41 31 29 10 21 44 41 20 38 7 5 19 43 18 35 20 14 12 34 35 9 33 29 31 31 20 27 42 31 28 29 0 44 35 38 17 33 30 37 39 17 39 6 12 35 38 29 26 17 18 29 20 8 5 25 15 43 24 17 34 23 11 8 32 20 39 11 27 10 24
20 15 6 21 25 13 21 31 30 19 21 43 22 43 25 12 35 24 34 7 6 36 22 18 22 11 37 40 31 44 14 16 7 31 8 39 33 33 20 6 34 16 29 41 29 18 11 8 18 7 37 7 13 24 36 44 40 28 40 6 13 44 0 28 43 35 13 24 23 8 25 37 35 31 31 33 27 18 26 23 14 35 27 27 39 23 6 16 16 33 7 7 16 41 17 43 15 36 15 27
18 13 17 37 36 17 36 35 10 26 11 24 19 21 26 18 20 44 41 27 44 42 27 17 9 43 43 28 21 8 21 10 43 36 21 30 8 33 9 19 25 30 40 10 9 37 40 34 43 44 44 39 10 43 29 30 40 21 29 15 37 35 28 0 7 37 7 15 14 36 19 23 41 38 26 8 34 30 15 9 21 43 16 29 24 17 10 33 9 13 42 17 44 19 23 30 13 9 31 19
5 24 44 6 20 5 34 40 17 43 37 13 35 40 15 9 10 12 28 38 14 30 40 9 36 25 20 34 36 11 32 22 23 28 17 38 33 38 9 8 41 33 21 15 22 44 28 44 27 20 27 20 25 38 25 35 15 12 21 9 16 38 43 7 0 27 26 39 8 38 36 22 22 43 19 20 28 13 26 8 25 6 22 15 11 22 22 12 23 18 24 20 42 25 13 16 8 43 8 25
11 35 32 12 6 34 33 8 13 9 14 44 23 24 34 19 11 36 5 7 29 32 29 21 8 31 44 17 38 15 13 38 10 16 40 23 31 35 9 10 26 20 10 7 11 39 33 20 30 30 44 25 31 19 15 44 37 25 7 31 6 17 35 37 27 0 11 36 35 31 39 40 42 34 19 38 44 13 34 34 16 32 19 22 44 21 37 25 27 13 39 18 16 44 32 38 6 10 10 17
34 30 5 42 26 14 18 40 21 40 15 37 15 40 43 35 23 19 31 17 15 7 27 11 15 39 21 14 9 32 8 12 30 29 22 10 41 13 26 23 5 16 9 5 17 18 39 21 39 28 35 36 7 30 30 24 25 24 42 20 17 33 13 7 26 11 0 27 27 36 33 28 10 16 17 10 17 41 29 37 20 10 33 8 39 35 23 29 44 21 25 42 34 17 11 5 42 11 5 20
41 36 15 43 11 23 9 11 7 27 19 37 42 14 25 23 5 36 33 37 29 16 19 5 35 31 9 43 27 40 24 22 36 7 12 35 13 36 34 6 6 44 35 38 18 23 37 7 13 25 19 22 34 44 31 40 12 43 32 7 18 30 24 15 39 36 27 0 36 37 40 40 42 25 22 11 35 38 15 31 43 32 24 41 40 41 7 38 40 36 37 44 42 44 11 36 34 32 41 6
36 7 18 35 19 33 23 38 28 15 34 30 38 5 28 39 36 14 19 18 31 24 39 28 44 43 31 11 20 10 6 42 12 19 29 18 23 38 16 43 39 40 19 24 38 9 18 42 16 20 17 30 41 41 43 40 11 12 29 21 41 37 23 14 8 35 27 36 0 25 9 42 31 28 23 20 31 11 25 23 5 29 28 19 23 26 30 23 44 17 12 39 13 12 32 38 43 40 23 28
15 36 31 9 26 41 27 31 22 35 15 29 13 8 15 11 31 26 30 31 17 18 12 22 13 28 27 41 6 18 19 16 23 8 31 28 15 15 34 7 29 38 12 22 12 19 30 15 22 38 31 27 21 37 24 33 42 31 36 42 25 39 8 36 38 31 36 37 25 0 18 17 26 10 31 14 18 44 6 9 42 21 16 26 8 41 18 28 12 15 33 7 36 39 13 32 31 19 19 38
27 39 24 26 22 22 38 22 25 29 21 20 39 30 34 16 31 20 20 39 11 36 16 26 41 24 20 23 29 19 14 28 7 41 36 20 17 40 29 18 32 6 44 21 22 33 35 17 23 18 31 6 19 30 17 14 31 9 29 21 16 17 25 19 36 39 33 40 9 18 0 40 7 40 30 6 13 42 10 10 13 17 13 16 27 38 10 26 11 27 29 9 9 12 34 29 28 12 30 23
44 15 42 30 38 28 25 38 24 32 13 25 33 7 27 27 14 21 25 8 8 7 24 18 38 22 10 33 17 11 5 15 35 6 9 13 15 37 39 37 6 19 37 14 16 19 11 43 24 31 34 21 13 28 42 13 32 9 34 10 43 39 37 23 22 40 28 40 42 17 40 0 18 35 11 29 26 14 39 14 6 15 38 14 16 15 39 28 6 18 37 19 33 41 31 30 42 21 19 23
17 11 36 21 23 29 34 11 41 31 27 23 17 43 38 41 27 27 42 5 37 15 34 24 15 8 23 12 37 16 13 21 9 22 22 34 10 29 22 39 30 40 25 28 11 10 35 20 35 39 14 7 12 24 44 17 24 28 37 5 14 6 35 41 22 42 10 42 31 26 7 18 0 14 43 14 25 36 35 6 12 44 38 28 18 11 39 20 32 28 25 7 22 17 17 27 27 34 29 25
38 12 22 10 16 35 6 34 29 15 12 15 7 19 22 22 43 21 27 29 30 8 16 17 6 19 21 34 27 27 27 8 34 37 39 38 35 12 30 24 36 23 37 26 37 20 10 8 40 35 5 26 36 33 41 42 25 35 24 27 5 12 31 38 43 34 16 25 28 10 40 35 14 0 11 20 5 24 34 38 9 16 21 17 36 9 15 30 39 21 33 28 33 19 22 42 13 5 6 18
32 14 22 27 9 5 20 22 39 27 25 36 21 12 9 21 25 17 28 7 28 28 37 32 36 19 32 25 38 44 40 31 36 44 35 40 8 25 27 27 34 18 6 18 35 27 20 29 26 14 5 38 33 42 11 5 18 8 39 37 38 35 31 26 19 19 17 22 23 31 30 11 43 11 0 21 13 33 38 6 35 39 31 35 34 13 12 7 12 11 32 37 27 44 39 34 18 21 18 29
14 38 31 25 39 28 38 26 36 9 40 22 36 25 11 38 27 23 31 26 34 6 9 5 19 40 6 22 38 7 38 10 25 13 36 18 44 33 17 18 43 28 24 20 10 37 35 14 7 17 12 23 19 30 7 28 16 6 8 17 27 38 33 8 20 38 10 11 20 14 6 29 14 20 21 0 43 33 17 14 26 12 41 5 33 39 22 44 21 12 27 8 17 42 7 43 10 27 18 14
40 34 6 20 42 44 40 7 26 36 15 36 26 40 39 28 19 9 19 37 39 15 16 22 7 11 42 16 19 11 25 9 11 44 23 38 29 13 27 20 23 32 32 40 43 42 19 43 35 26 5 44 21 12 34 13 40 20 6 43 13 29 27 34 28 44 17 35 31 18 13 26 25 5 13 43 0 44 44 8 22 19 36 21 12 28 25 10 25 28 23 31 9 24 43 34 7 23 40 15
37 23 24 23 32 9 15 33 22 30 39 39 14 31 22 30 24 17 26 26 41 28 44 41 44 15 38 18 35 9 38 28 20 39 23 13 6 29 25 34 17 41 7 11 37 33 29 32 35 27 13 20 31 35 25 28 34 35 20 9 15 26 18 30 13 13 41 38 11 44 42 14 36 24 33 33 44 0 26 38 31 24 23 35 28 14 23 36 30 41 35 8 7 12 29 21 22 37 8 12
35 21 8 21 42 16 26 40 20 39 19 23 36 16 7 21 11 34 15 15 37 11 22 38 20 7 39 25 36 16 19 25 17 33 7 38 10 13 34 9 16 33 42 32 28 38 17 43 23 23 20 37 6 11 34 33 7 15 31 8 5 17 26 15 26 34 29 15 25 6 10 39 35 34 38 17 44 26 0 9 36 26 43 30 9 32 26 28 11 19 23 21 30 19 37 39 21 41 27 28
15 23 29 19 37 42 26 42 29 13 16 36 15 26 41 28 6 11 21 23 19 15 8 21 7 39 12 30 23 33 25 31 24 26 44 28 31 31 29 43 37 43 16 30 34 14 16 40 7 10 41 25 35 30 14 18 24 28 23 15 6 18 23 9 8 34 37 31 23 9 10 14 6 38 6 14 8 38 9 0 33 41 25 22 32 24 16 15 17 26 11 32 39 39 32 32 28 38 20 8
7 14 40 28 39 34 40 31 13 16 39 43 20 15 23 44 12 41 6 17 35 25 40 41 34 13 35 13 12 31 33 10 33 37 33 27 21 23 5 20 41 10 16 23 25 5 17 28 14 22 9 44 9 23 5 30 44 38 9 12 28 29 14 21 25 16 20 43 5 42 13 6 12 9 35 26 22 31 36 33 0 16 43 6 44 26 13 10 12 22 19 17 36 16 17 22 41 24 5 5
24 7 28 5 13 39 28 23 41 5 41 28 6 9 29 25 10 19 35 36 13 29 28 41 7 28 41 41 41 27 29 11 8 12 28 43 33 19 35 34 8 20 29 33 28 37 22 30 15 39 40 32 14 21 34 37 7 21 34 15 12 20 35 43 6 32 10 32 29 21 17 15 44 16 39 12 19 24 26 41 16 0 13 23 15 31 5 9 8 25 17 11 10 22 43 14 8 26 20 28
6 24 35 32 20 34 11 10 24 39 9 43 43 28 41 34 30 43 5 34 44 14 9 39 19 25 41 12 25 18 29 33 16 16 11 5 30 15 23 16 19 33 6 34 9 26 15 19 22 15 15 32 10 37 22 41 10 38 30 32 39 8 27 16 22 19 33 24 28 16 13 38 38 21 31 41 36 23 43 25 43 13 0 31 40 11 26 14 14 39 24 34 32 31 37 13 18 8 22 8
25 13 44 39 6 41 22 43 32 41 7 7 43 28 22 18 38 12 30 25 6 10 26 23 10 5 17 44 24 15 13 17 19 23 27 33 6 20 27 9 15 13 16 33 14 27 42 8 22 9 8 26 19 38 25 43 12 7 30 23 12 5 27 29 15 22 8 41 19 26 16 14 28 17 35 5 21 35 30 22 6 23 31 0 42 24 17 14 29 24 12 26 8 31 28 44 10 44 43 9
17 9 36 9 26 40 13 30 8 17 42 23 23 6 28 34 15 37 31 9 11 38 13 6 32 17 15 15 38 8 22 15 22 27 41 41 36 12 41 19 29 25 33 13 23 30 37 44 34 34 5 44 13 24 10 32 11 11 16 35 29 25 39 24 11 44 39 40 23 8 27 16 18 36 34 33 12 28 9 32 44 15 40 42 0 25 44 41 41 10 37 6 28 29 34 23 15 32 16 23
24 24 9 10 14 20 12 38 15 35 44 39 8 11 37 38 15 40 36 29 7 40 6 38 21 38 18 11 14 20 18 12 33 34 10 33 16 29 10 22 8 27 32 43 25 18 21 12 24 38 34 10 33 8 22 6 21 32 16 5 44 15 23 17 22 21 35 41 26 41 38 15 11 9 13 39 28 14 32 24 26 31 11 24 25 0 44 27 16 8 40 35 15 18 24 11 34 35 22 32
14 39 21 19 26 20 16 43 43 9 32 7 27 9 27 31 32 18 40 26 42 41 42 30 23 14 16 41 44 7 11 14 31 10 7 26 8 29 34 16 28 20 24 23 29 40 14 23 40 44 8 38 22 44 28 16 9 19 33 23 29 43 6 10 22 37 23 7 30 18 10 39 39 15 12 22 25 23 26 16 13 5 26 17 44 44 0 13 16 33 44 30 42 20 29 14 21 24 23 16
12 27 15 23 14 12 17 6 27 39 20 34 30 6 8 42 35 40 30 32 16 25 16 15 19 5 37 24 36 29 16 33 12 23 42 6 39 32 6 14 42 10 23 37 42 30 26 21 40 24 41 11 23 36 23 8 32 26 14 29 37 24 16 33 12 25 29 38 23 28 26 28 20 30 7 44 10 36 28 15 10 9 14 14 41 27 13 0 5 35 23 37 33 19 33 30 13 30 29 28
26 7 27 7 41 39 41 14 16 27 32 32 25 5 34 20 11 23 16 27 32 24 34 21 39 36 32 35 11 39 9 25 41 7 24 12 36 30 42 17 32 9 22 41 28 30 35 13 19 18 37 43 9 33 30 18 21 7 19 29 38 17 16 9 23 27 44 40 44 12 11 6 32 39 12 21 25 30 11 17 12 8 14 29 41 16 16 5 0 19 28 13 5 26 15 43 8 42 41 24
23 29 14 10 8 23 39 37 42 29 5 13 41 7 28 11 8 30 32 15 42 9 15 23 40 17 11 29 35 16 41 17 32 25 20 21 36 7 10 7 24 6 18 31 21 7 7 44 37 42 21 18 43 35 9 25 27 36 24 35 29 34 33 13 18 13 21 36 17 15 27 18 28 21 11 12 28 41 19 26 22 25 39 24 10 8 33 35 19 0 18 30 15 32 9 42 13 20 42 7
40 41 29 18 14 27 26 27 30 8 10 38 16 26 28 31 37 26 29 24 37 12 42 14 38 40 28 18 38 22 5 29 13 38 13 18 10 19 8 13 22 38 28 26 21 41 20 11 8 39 6 23 42 23 12 30 35 39 6 17 7 23 7 42 24 39 25 37 12 33 29 37 25 33 32 27 23 35 23 11 19 17 24 12 37 40 44 23 28 18 0 34 40 14 21 29 30 27 33 16
20 26 6 35 41 31 43 32 18 40 17 27 31 33 39 9 38 14 10 23 7 29 13 24 34 35 6 38 42 36 38 7 21 23 31 22 13 9 11 34 33 38 27 26 40 43 7 37 10 15 8 43 16 44 38 32 25 22 32 16 36 11 7 17 20 18 42 44 39 7 9 19 7 28 37 8 31 8 21 32 17 11 34 26 6 35 30 37 13 30 34 0 34 24 16 12 24 32 34 30
36 28 9 40 33 41 44 39 35 44 25 11 29 25 12 33 16 12 34 32 31 23 32 37 19 29 15 7 43 22 32 28 19 37 26 30 18 18 16 13 8 24 22 21 44 40 32 33 5 38 36 32 12 7 8 19 7 16 21 29 20 8 16 44 42 16 34 42 13 36 9 33 22 33 27 17 9 7 30 39 36 10 32 8 28 15 42 33 5 15 40 34 0 27 34 42 24 23 8 36
34 28 25 10 34 34 38 33 34 29 30 24 11 42 33 11 25 18 13 27 12 35 25 27 21 9 5 20 18 29 24 36 39 23 30 7 42 6 11 13 43 16 41 26 15 44 5 19 11 34 34 42 29 34 24 16 19 15 29 7 30 32 41 19 25 44 17 44 12 39 12 41 17 19 44 42 24 12 19 39 16 22 31 31 29 18 20 19 26 32 14 24 27 0 11 25 32 16 27 30
35 41 16 24 43 42 12 34 13 39 40 29 12 20 11 6 23 15 13 8 38 23 13 17 22 21 26 27 35 24 31 6 40 11 32 12 8 44 25 24 29 10 27 36 42 11 33 40 12 20 25 31 14 36 37 7 40 23 44 13 13 20 17 23 13 32 11 11 32 13 34 31 17 22 39 7 43 29 37 32 17 43 37 28 34 24 29 33 15 9 21 16 34 11 0 8 31 43 33 37
17 40 24 37 38 15 35 22 26 28 41 25 10 30 7 30 39 34 25 15 29 7 33 22 38 21 17 41 40 40 21 35 12 31 11 21 42 30 37 7 12 18 20 25 35 22 24 21 43 14 15 15 23 26 12 32 36 5 5 38 31 39 43 30 16 38 5 36 38 32 29 30 27 42 34 43 34 21 39 32 22 14 13 44 23 11 14 30 43 42 29 12 42 25 8 0 19 19 9 13
25 13 6 20 13 28 30 23 27 43 23 30 43 17 17 29 27 25 18 6 25 34 13 44 33 25 38 16 8 15 43 29 32 26 10 13 24 9 29 28 18 35 29 39 8 35 20 36 29 30 29 32 16 18 43 23 39 26 40 9 34 11 15 13 8 6 42 34 43 31 28 42 27 13 18 10 7 22 21 28 41 8 18 10 15 34 21 13 8 13 30 24 24 32 31 19 0 28 31 18
23 7 39 27 42 12 36 26 13 14 10 11 42 36 43 22 38 10 29 27 32 28 36 20 41 19 9 43 22 13 5 17 24 43 8 37 44 18 18 20 31 34 30 10 26 10 14 37 16 7 25 7 24 17 8 22 39 26 24 17 5 27 36 9 43 10 11 32 40 19 12 21 34 5 21 27 23 37 41 38 24 26 8 44 32 35 24 30 42 20 27 32 23 16 43 19 28 0 34 32
6 12 10 6 9 7 6 22 27 35 9 34 32 20 21 15 27 34 30 24 31 27 34 11 34 36 5 17 28 20 19 41 19 31 14 10 28 29 35 38 30 9 30 20 16 24 19 16 39 36 35 35 15 21 7 36 35 16 16 14 38 10 15 31 8 10 5 41 23 19 30 19 29 6 18 18 40 8 27 20 5 20 22 43 16 22 23 29 41 42 33 34 8 27 33 9 31 34 0 34
40 18 15 31 22 31 38 44 41 25 33 12 16 22 39 22 22 30 33 40 12 25 22 17 16 14 30 23 36 33 23 20 41 33 17 10 44 39 40 20 40 24 44 14 16 11 35 33 7 35 35 32 35 11 40 37 13 28 28 41 22 24 27 19 25 17 20 6 28 38 23 23 25 18 29 14 15 12 28 8 5 28 8 9 23 32 16 28 24 7 16 30 36 30 37 13 18 32 34 0